%YAML:1.0
---
R: !!opencv-matrix
   rows: 3
   cols: 3
   dt: d
   data: [ 9.9670110239877241e-01, 1.5361338715637116e-02,
       7.9692796098111099e-02, -1.6559707285813057e-02,
       9.9975920390379702e-01, 1.4398274349870746e-02,
       -7.9452429614706152e-02, -1.5670465293328856e-02,
       9.9671547993688281e-01 ]
T: !!opencv-matrix
   rows: 3
   cols: 1
   dt: d
   data: [ -9.0800771902697424e+00, 1.0128940132496003e-01,
       4.8308522034338147e-01 ]
R1: !!opencv-matrix
   rows: 3
   cols: 3
   dt: d
   data: [ 9.9963705718014340e-01, 5.0351774282648065e-03,
       2.6465088333282968e-02, -5.2343191986538255e-03,
       9.9995846820752932e-01, 7.4608151416863545e-03,
       -2.6426422662728707e-02, -7.5966340123573848e-03,
       9.9962189618721986e-01 ]
R2: !!opencv-matrix
   rows: 3
   cols: 3
   dt: d
   data: [ 9.9852578084434562e-01, -1.1138680479241415e-02,
       -5.3124333279308940e-02, 1.0738222235911591e-02,
       9.9991178376907375e-01, -7.8176251484374168e-03,
       5.3206724879491483e-02, 7.2356393588039998e-03,
       9.9855730428987766e-01 ]
P1: !!opencv-matrix
   rows: 3
   cols: 4
   dt: d
   data: [ 3.7609093002315226e+03, 0., 1.5894757385253906e+03, 0., 0.,
       3.7609093002315226e+03, 1.0209482955932617e+03, 0., 0., 0., 1.,
       0. ]
P2: !!opencv-matrix
   rows: 3
   cols: 4
   dt: d
   data: [ 3.7609093002315226e+03, 0., 1.5894757385253906e+03,
       -3.4199764699945110e+04, 0., 3.7609093002315226e+03,
       1.0209482955932617e+03, 0., 0., 0., 1., 0. ]
Q: !!opencv-matrix
   rows: 4
   cols: 4
   dt: d
   data: [ 1., 0., 0., -1.5894757385253906e+03, 0., 1., 0.,
       -1.0209482955932617e+03, 0., 0., 0., 3.7609093002315226e+03, 0.,
       0., 1.0996886479273228e-01, 0. ]
