%YAML:1.0
---
M1: !!opencv-matrix
   rows: 3
   cols: 3
   dt: d
   data: [ 4.2384128674665071e+03, 0., 1.5440755315705485e+03, 0.,
       4.2324344877617541e+03, 1.0258679592585834e+03, 0., 0., 1. ]
D1: !!opencv-matrix
   rows: 1
   cols: 14
   dt: d
   data: [ 1.1381981944162687e-02, -6.5566334535678783e-01, 0., 0., 0.,
       0., 0., -4.6017960619267892e+00, 0., 0., 0., 0., 0., 0. ]
M2: !!opencv-matrix
   rows: 3
   cols: 3
   dt: d
   data: [ 4.2384128674665071e+03, 0., 1.5087718769113521e+03, 0.,
       4.2324344877617541e+03, 1.0149287829278805e+03, 0., 0., 1. ]
D2: !!opencv-matrix
   rows: 1
   cols: 14
   dt: d
   data: [ -1.2456295823720955e-01, 1.8319718418461548e+00, 0., 0., 0.,
       0., 0., 7.6396002611457243e+00, 0., 0., 0., 0., 0., 0. ]
