%YAML:1.0
---
R: !!opencv-matrix
   rows: 3
   cols: 3
   dt: d
   data: [ 9.9898735153844964e-01, 1.5325242182795870e-02,
       4.2301399719545510e-02, -1.5904907813487332e-02,
       9.9978370228101354e-01, 1.3400841791251453e-02,
       -4.2086878877371989e-02, -1.4060071312348880e-02,
       9.9901501941715232e-01 ]
T: !!opencv-matrix
   rows: 3
   cols: 1
   dt: d
   data: [ -8.0915276351112109e+00, 6.9751653946890632e-02,
       3.3109264628195484e-01 ]
R1: !!opencv-matrix
   rows: 3
   cols: 3
   dt: d
   data: [ 9.9997267787438404e-01, 7.2757324358362933e-03,
       1.3066071542654940e-03, -7.2844443442750730e-03,
       9.9995040551162517e-01, 6.7914201557043186e-03,
       -1.2571297978399183e-03, -6.8007525067647961e-03,
       9.9997608440902874e-01 ]
R2: !!opencv-matrix
   rows: 3
   cols: 3
   dt: d
   data: [ 9.9912683075368769e-01, -8.6128049103336660e-03,
       -4.0882706119687778e-02, 8.3347009510034396e-03,
       9.9994098768262618e-01, -6.9680637447778531e-03,
       4.0940308110095691e-02, 6.6212343162342082e-03,
       9.9913965511733138e-01 ]
P1: !!opencv-matrix
   rows: 3
   cols: 4
   dt: d
   data: [ 3.4473139622789704e+03, 0., 1.6028766479492188e+03, 0., 0.,
       3.4473139622789704e+03, 1.0363101043701172e+03, 0., 0., 0., 1.,
       0. ]
P2: !!opencv-matrix
   rows: 3
   cols: 4
   dt: d
   data: [ 3.4473139622789704e+03, 0., 1.6028766479492188e+03,
       -2.7918413692927505e+04, 0., 3.4473139622789704e+03,
       1.0363101043701172e+03, 0., 0., 0., 1., 0. ]
Q: !!opencv-matrix
   rows: 4
   cols: 4
   dt: d
   data: [ 1., 0., 0., -1.6028766479492188e+03, 0., 1., 0.,
       -1.0363101043701172e+03, 0., 0., 0., 3.4473139622789704e+03, 0.,
       0., 1.2347814600771063e-01, 0. ]
