%YAML:1.0
---
M1: !!opencv-matrix
   rows: 3
   cols: 3
   dt: d
   data: [ 3.6413073807947317e+03, 0., 1.5570099538112911e+03, 0.,
       3.6421743553180718e+03, 1.0329040219153292e+03, 0., 0., 1. ]
D1: !!opencv-matrix
   rows: 1
   cols: 14
   dt: d
   data: [ -5.1148065876508692e-02, 6.9131979470931471e-02, 0., 0., 0.,
       0., 0., -3.1164200900493776e-03, 0., 0., 0., 0., 0., 0. ]
M2: !!opencv-matrix
   rows: 3
   cols: 3
   dt: d
   data: [ 3.6413073807947317e+03, 0., 1.4757649783747556e+03, 0.,
       3.6421743553180718e+03, 1.0398813891624704e+03, 0., 0., 1. ]
D2: !!opencv-matrix
   rows: 1
   cols: 14
   dt: d
   data: [ 2.2022083123170583e-03, -3.4377324505447537e-01, 0., 0., 0.,
       0., 0., -1.6102268136597204e+00, 0., 0., 0., 0., 0., 0. ]
