%YAML:1.0
---
R: !!opencv-matrix
   rows: 3
   cols: 3
   dt: d
   data: [ 9.9946588771550549e-01, 2.0083746806769911e-02,
       2.5779495868971315e-02, -2.0399203080604934e-02,
       9.9971950526516917e-01, 1.2032593487762215e-02,
       -2.5530605295076492e-02, -1.2552047903312791e-02,
       9.9959523522608895e-01 ]
T: !!opencv-matrix
   rows: 3
   cols: 1
   dt: d
   data: [ -6.0185806360943843e+00, 4.2826964200056640e-02,
       2.0044722211075969e-01 ]
R1: !!opencv-matrix
   rows: 3
   cols: 3
   dt: d
   data: [ 9.9988165098588455e-01, 1.3380236760025173e-02,
       -7.5929760955252522e-03, -1.3334260207757064e-02,
       9.9989264744445350e-01, 6.0738036874412966e-03,
       7.6734299015090782e-03, -5.9718381397539525e-03,
       9.9995272669400681e-01 ]
R2: !!opencv-matrix
   rows: 3
   cols: 3
   dt: d
   data: [ 9.9942058410446755e-01, -7.1116683756872901e-03,
       -3.3285435872151083e-02, 6.9110321467182635e-03,
       9.9995727471405238e-01, -6.1389234489614567e-03,
       3.3327671730138307e-02, 5.9053297418036983e-03,
       9.9942703254299092e-01 ]
P1: !!opencv-matrix
   rows: 3
   cols: 4
   dt: d
   data: [ 3.1716540960242583e+03, 0., 1.6040751342773438e+03, 0., 0.,
       3.1716540960242583e+03, 1.0285892639160156e+03, 0., 0., 0., 1.,
       0. ]
P2: !!opencv-matrix
   rows: 3
   cols: 4
   dt: d
   data: [ 3.1716540960242583e+03, 0., 1.6040751342773438e+03,
       -1.9099922725551660e+04, 0., 3.1716540960242583e+03,
       1.0285892639160156e+03, 0., 0., 0., 1., 0. ]
Q: !!opencv-matrix
   rows: 4
   cols: 4
   dt: d
   data: [ 1., 0., 0., -1.6040751342773438e+03, 0., 1., 0.,
       -1.0285892639160156e+03, 0., 0., 0., 3.1716540960242583e+03, 0.,
       0., 1.6605586009943671e-01, 0. ]
