%YAML:1.0
---
M1: !!opencv-matrix
   rows: 3
   cols: 3
   dt: d
   data: [ 3.4234862163283560e+03, 0., 1.5609919316834978e+03, 0.,
       3.4231536145342088e+03, 1.0238360000649214e+03, 0., 0., 1. ]
D1: !!opencv-matrix
   rows: 1
   cols: 14
   dt: d
   data: [ -7.4360718503634668e-02, 3.3766287497109787e-01, 0., 0., 0.,
       0., 0., 1.2136117635707706e+00, 0., 0., 0., 0., 0., 0. ]
M2: !!opencv-matrix
   rows: 3
   cols: 3
   dt: d
   data: [ 3.4234862163283560e+03, 0., 1.4720184950725265e+03, 0.,
       3.4231536145342088e+03, 1.0342537845649895e+03, 0., 0., 1. ]
D2: !!opencv-matrix
   rows: 1
   cols: 14
   dt: d
   data: [ -1.3531157966652715e-02, -2.4490616799400342e-01, 0., 0., 0.,
       0., 0., -1.2120924017942958e+00, 0., 0., 0., 0., 0., 0. ]
