%YAML:1.0
---
R: !!opencv-matrix
   rows: 3
   cols: 3
   dt: d
   data: [ 9.9870110235508913e-01, 1.4347677262731980e-02,
       4.8890206707420621e-02, -1.5118838488349820e-02,
       9.9976648344444707e-01, 1.5440184710274869e-02,
       -4.8657259247650027e-02, -1.6159292629589248e-02,
       9.9868480932885839e-01 ]
T: !!opencv-matrix
   rows: 3
   cols: 1
   dt: d
   data: [ -6.5682995879981068e+00, 6.0473482820018458e-02,
       2.0476566704700927e-01 ]
R1: !!opencv-matrix
   rows: 3
   cols: 3
   dt: d
   data: [ 9.9982909295583788e-01, 5.6437392597047708e-03,
       1.7604916537008467e-02, -5.7826255038587277e-03,
       9.9995248271744386e-01, 7.8481558026267731e-03,
       -1.7559787054195440e-02, -7.9486171368766192e-03,
       9.9981421942490023e-01 ]
R2: !!opencv-matrix
   rows: 3
   cols: 3
   dt: d
   data: [ 9.9947209985969865e-01, -9.2020100560593916e-03,
       -3.1158379498503540e-02, 8.9555789943491764e-03,
       9.9992758081422206e-01, -8.0393240943121835e-03,
       3.1230100975189877e-02, 7.7560388050601226e-03,
       9.9948212823198290e-01 ]
P1: !!opencv-matrix
   rows: 3
   cols: 4
   dt: d
   data: [ 3.6111212197267719e+03, 0., 1.5534095764160156e+03, 0., 0.,
       3.6111212197267719e+03, 1.0156472396850586e+03, 0., 0., 0., 1.,
       0. ]
P2: !!opencv-matrix
   rows: 3
   cols: 4
   dt: d
   data: [ 3.6111212197267719e+03, 0., 1.5534095764160156e+03,
       -2.3731453857563534e+04, 0., 3.6111212197267719e+03,
       1.0156472396850586e+03, 0., 0., 0., 1., 0. ]
Q: !!opencv-matrix
   rows: 4
   cols: 4
   dt: d
   data: [ 1., 0., 0., -1.5534095764160156e+03, 0., 1., 0.,
       -1.0156472396850586e+03, 0., 0., 0., 3.6111212197267719e+03, 0.,
       0., 1.5216603421774175e-01, 0. ]
