%YAML:1.0
---
M1: !!opencv-matrix
   rows: 3
   cols: 3
   dt: d
   data: [ 3.8785358718470688e+03, 0., 1.5433971614915545e+03, 0.,
       3.8746749048294655e+03, 1.0258825843565055e+03, 0., 0., 1. ]
D1: !!opencv-matrix
   rows: 1
   cols: 14
   dt: d
   data: [ 3.0483670845143036e-02, -3.6368428642487155e-01, 0., 0., 0.,
       0., 0., -1.6836026581948262e+00, 0., 0., 0., 0., 0., 0. ]
M2: !!opencv-matrix
   rows: 3
   cols: 3
   dt: d
   data: [ 3.8785358718470688e+03, 0., 1.5059864079885117e+03, 0.,
       3.8746749048294655e+03, 1.0059372940933519e+03, 0., 0., 1. ]
D2: !!opencv-matrix
   rows: 1
   cols: 14
   dt: d
   data: [ -9.8747506218182540e-02, 1.6754993887514251e+00, 0., 0., 0.,
       0., 0., 6.3521829414865820e+00, 0., 0., 0., 0., 0., 0. ]
