%YAML:1.0
---
R: !!opencv-matrix
   rows: 3
   cols: 3
   dt: d
   data: [ 9.9957236231068847e-01, 1.5795286432769371e-02,
       2.4608970541988608e-02, -1.6102083015934552e-02,
       9.9979446178192011e-01, 1.2318973688937076e-02,
       -2.4409330740060110e-02, -1.2709961318097851e-02,
       9.9962124900189808e-01 ]
T: !!opencv-matrix
   rows: 3
   cols: 1
   dt: d
   data: [ -7.3804391717059570e+00, 1.1804821537111120e-02,
       2.4286492544363947e-01 ]
R1: !!opencv-matrix
   rows: 3
   cols: 3
   dt: d
   data: [ 9.9985886796154189e-01, 1.4606457485018013e-02,
       -8.3003348367600410e-03, -1.4555254039680419e-02,
       9.9987486846548701e-01, 6.1961270940331312e-03,
       8.3897996700957097e-03, -6.0744391398223551e-03,
       9.9994635478641158e-01 ]
R2: !!opencv-matrix
   rows: 3
   cols: 3
   dt: d
   data: [ 9.9945774110986674e-01, -1.5986068028210777e-03,
       -3.2888724387735428e-02, 1.3967605889926794e-03,
       9.9998005580222937e-01, -6.1593065865598925e-03,
       3.2897914757921753e-02, 6.1100289737592399e-03,
       9.9944004059799418e-01 ]
P1: !!opencv-matrix
   rows: 3
   cols: 4
   dt: d
   data: [ 3.4748292976725352e+03, 0., 1.6084754028320312e+03, 0., 0.,
       3.4748292976725352e+03, 1.0333301620483398e+03, 0., 0., 0., 1.,
       0. ]
P2: !!opencv-matrix
   rows: 3
   cols: 4
   dt: d
   data: [ 3.4748292976725352e+03, 0., 1.6084754028320312e+03,
       -2.5659680453377699e+04, 0., 3.4748292976725352e+03,
       1.0333301620483398e+03, 0., 0., 0., 1., 0. ]
Q: !!opencv-matrix
   rows: 4
   cols: 4
   dt: d
   data: [ 1., 0., 0., -1.6084754028320312e+03, 0., 1., 0.,
       -1.0333301620483398e+03, 0., 0., 0., 3.4748292976725352e+03, 0.,
       0., 1.3541981958762575e-01, 0. ]
