%YAML:1.0
---
M1: !!opencv-matrix
   rows: 3
   cols: 3
   dt: d
   data: [ 3.6574694457078886e+03, 0., 1.5599706127744723e+03, 0.,
       3.6559898324915821e+03, 1.0366674274194413e+03, 0., 0., 1. ]
D1: !!opencv-matrix
   rows: 1
   cols: 14
   dt: d
   data: [ -6.6246007800391624e-02, 2.9761357139036432e-01, 0., 0., 0.,
       0., 0., 4.5772477522083177e-01, 0., 0., 0., 0., 0., 0. ]
M2: !!opencv-matrix
   rows: 3
   cols: 3
   dt: d
   data: [ 3.6574694457078886e+03, 0., 1.4767166933819376e+03, 0.,
       3.6559898324915821e+03, 1.0307571956535535e+03, 0., 0., 1. ]
D2: !!opencv-matrix
   rows: 1
   cols: 14
   dt: d
   data: [ 2.3398070154956002e-03, -1.9838387866514881e-01, 0., 0., 0.,
       0., 0., -1.1996745381760459e+00, 0., 0., 0., 0., 0., 0. ]
