%YAML:1.0
---
M1: !!opencv-matrix
   rows: 3
   cols: 3
   dt: d
   data: [ 3.8764156702116666e+03, 0., 1.5422730308078415e+03, 0.,
       3.8724651735488696e+03, 1.0263168771798223e+03, 0., 0., 1. ]
D1: !!opencv-matrix
   rows: 1
   cols: 14
   dt: d
   data: [ 7.0053551237897971e-02, -1.0284046652727084e+00, 0., 0., 0.,
       0., 0., -5.1104347732814563e+00, 0., 0., 0., 0., 0., 0. ]
M2: !!opencv-matrix
   rows: 3
   cols: 3
   dt: d
   data: [ 3.8764156702116666e+03, 0., 1.5079374139111910e+03, 0.,
       3.8724651735488696e+03, 1.0057665253840917e+03, 0., 0., 1. ]
D2: !!opencv-matrix
   rows: 1
   cols: 14
   dt: d
   data: [ -1.0529148008315796e-01, 2.3802900595498353e+00, 0., 0., 0.,
       0., 0., 1.3638267102301546e+01, 0., 0., 0., 0., 0., 0. ]
