%YAML:1.0
---
R: !!opencv-matrix
   rows: 3
   cols: 3
   dt: d
   data: [ 9.9903361070962149e-01, 1.5827712257866885e-02,
       4.1004002209279904e-02, -1.6504012675002597e-02,
       9.9973242598831480e-01, 1.6207837398676588e-02,
       -4.0736497617245078e-02, -1.6868904890382071e-02,
       9.9902751604231577e-01 ]
T: !!opencv-matrix
   rows: 3
   cols: 1
   dt: d
   data: [ -7.8851273476801857e+00, 8.8364745856266663e-02,
       3.3657960808362380e-01 ]
R1: !!opencv-matrix
   rows: 3
   cols: 3
   dt: d
   data: [ 9.9998409139061517e-01, 5.3390612180272447e-03,
       -1.8197227798918934e-03, -5.3239403754985169e-03,
       9.9995208053758500e-01, 8.2153689772980314e-03,
       1.8634979376530268e-03, -8.2055501866219686e-03,
       9.9996459753411815e-01 ]
R2: !!opencv-matrix
   rows: 3
   cols: 3
   dt: d
   data: [ 9.9902760668194568e-01, -1.1195611266039128e-02,
       -4.2643866800785718e-02, 1.0845021433561237e-02,
       9.9990553909189506e-01, -8.4438381943449919e-03,
       4.2734372552419853e-02, 7.9731538130416012e-03,
       9.9905465427113860e-01 ]
P1: !!opencv-matrix
   rows: 3
   cols: 4
   dt: d
   data: [ 3.3217069493594158e+03, 0., 1.6020872344970703e+03, 0., 0.,
       3.3217069493594158e+03, 1.0312563323974609e+03, 0., 0., 0., 1.,
       0. ]
P2: !!opencv-matrix
   rows: 3
   cols: 4
   dt: d
   data: [ 3.3217069493594158e+03, 0., 1.6020872344970703e+03,
       -2.6217576103191575e+04, 0., 3.3217069493594158e+03,
       1.0312563323974609e+03, 0., 0., 0., 1., 0. ]
Q: !!opencv-matrix
   rows: 4
   cols: 4
   dt: d
   data: [ 1., 0., 0., -1.6020872344970703e+03, 0., 1., 0.,
       -1.0312563323974609e+03, 0., 0., 0., 3.3217069493594158e+03, 0.,
       0., 1.2669771363627511e-01, 0. ]
