%YAML:1.0
---
M1: !!opencv-matrix
   rows: 3
   cols: 3
   dt: d
   data: [ 3.5865267968774247e+03, 0., 1.5673531780080709e+03, 0.,
       3.5814585716326787e+03, 1.0338870032645905e+03, 0., 0., 1. ]
D1: !!opencv-matrix
   rows: 1
   cols: 14
   dt: d
   data: [ -1.1396821641707615e-01, 6.4519288764987692e-01, 0., 0., 0.,
       0., 0., 2.2068414253388307e+00, 0., 0., 0., 0., 0., 0. ]
M2: !!opencv-matrix
   rows: 3
   cols: 3
   dt: d
   data: [ 3.5865267968774247e+03, 0., 1.4508364151596963e+03, 0.,
       3.5814585716326787e+03, 1.0277240086136790e+03, 0., 0., 1. ]
D2: !!opencv-matrix
   rows: 1
   cols: 14
   dt: d
   data: [ -6.4805528845704619e-02, 4.4998599372464421e-01, 0., 0., 0.,
       0., 0., 1.6741463384955957e+00, 0., 0., 0., 0., 0., 0. ]
