%YAML:1.0
---
R: !!opencv-matrix
   rows: 3
   cols: 3
   dt: d
   data: [ 9.9553211537796671e-01, 3.4787766465160476e-03,
       9.4359447667493226e-02, -3.6101068192841918e-03,
       9.9999273794915744e-01, 1.2211378714856477e-03,
       -9.4354514358477290e-02, -1.5563296538565617e-03,
       9.9553744452842374e-01 ]
T: !!opencv-matrix
   rows: 3
   cols: 1
   dt: d
   data: [ -8.9487412987827266e+00, 3.7857042705541238e-01,
       6.2879369316357195e-02 ]
R1: !!opencv-matrix
   rows: 3
   cols: 3
   dt: d
   data: [ 9.9543293689276124e-01, -3.8778660536994206e-02,
       8.7232354295920037e-02, 3.8631198896446749e-02,
       9.9924782483724750e-01, 3.3786135992075386e-03,
       -8.7297758395479569e-02, 6.7071713260167436e-06,
       9.9618226310958691e-01 ]
R2: !!opencv-matrix
   rows: 3
   cols: 3
   dt: d
   data: [ 9.9908175185319148e-01, -4.2265475426556780e-02,
       -7.0201638816592485e-03, 4.2253563267195447e-02,
       9.9910523124718509e-01, -1.8366506837017350e-03,
       7.0915093727174569e-03, 1.5383372438953218e-03,
       9.9997367166007955e-01 ]
P1: !!opencv-matrix
   rows: 3
   cols: 4
   dt: d
   data: [ 2.1725107106772774e+02, 0., 1.3777696990966797e+03, 0., 0.,
       2.1725107106772774e+02, 9.9463867187500000e+02, 0., 0., 0., 1.,
       0. ]
P2: !!opencv-matrix
   rows: 3
   cols: 4
   dt: d
   data: [ 2.1725107106772774e+02, 0., 1.3777696990966797e+03,
       -1.9459104605428056e+03, 0., 2.1725107106772774e+02,
       9.9463867187500000e+02, 0., 0., 0., 1., 0. ]
Q: !!opencv-matrix
   rows: 4
   cols: 4
   dt: d
   data: [ 1., 0., 0., -1.3777696990966797e+03, 0., 1., 0.,
       -9.9463867187500000e+02, 0., 0., 0., 2.1725107106772774e+02, 0.,
       0., 1.1164494742842701e-01, 0. ]
