%YAML:1.0
---
M1: !!opencv-matrix
   rows: 3
   cols: 3
   dt: d
   data: [ 4.0088976083518642e+03, 0., 1.5017793947514247e+03, 0.,
       4.0071394896212596e+03, 1.0246267508712529e+03, 0., 0., 1. ]
D1: !!opencv-matrix
   rows: 1
   cols: 14
   dt: d
   data: [ 8.1867156197649560e-01, -1.2803283572951123e+00, 0., 0., 0.,
       0., 0., 8.0392661799173144e+00, 0., 0., 0., 0., 0., 0. ]
M2: !!opencv-matrix
   rows: 3
   cols: 3
   dt: d
   data: [ 4.0088976083518642e+03, 0., 1.6222271454653096e+03, 0.,
       4.0071394896212596e+03, 9.6987850170858246e+02, 0., 0., 1. ]
D2: !!opencv-matrix
   rows: 1
   cols: 14
   dt: d
   data: [ 8.6113747964132945e-02, -2.2562095931583528e+00, 0., 0., 0.,
       0., 0., 1.4380573896160364e+01, 0., 0., 0., 0., 0., 0. ]
