%YAML:1.0
---
R: !!opencv-matrix
   rows: 3
   cols: 3
   dt: d
   data: [ 9.9847941030059884e-01, 1.3698535489078423e-02,
       5.3396791394453164e-02, -1.4220616410484511e-02,
       9.9985460504220480e-01, 9.4097207611363656e-03,
       -5.3260128376433222e-02, -1.0154747724643930e-02,
       9.9852903804745441e-01 ]
T: !!opencv-matrix
   rows: 3
   cols: 1
   dt: d
   data: [ -7.9170658918013599e+00, 9.9860034893355862e-02,
       3.2361193446372466e-01 ]
R1: !!opencv-matrix
   rows: 3
   cols: 3
   dt: d
   data: [ 9.9992134943034128e-01, 1.5008114991434433e-03,
       1.2451607054889157e-02, -1.5620179753514450e-03,
       9.9998673926263126e-01, 4.9072801769426081e-03,
       -1.2444077034879103e-02, -4.9263438506029905e-03,
       9.9991043403047630e-01 ]
R2: !!opencv-matrix
   rows: 3
   cols: 3
   dt: d
   data: [ 9.9908631411020532e-01, -1.2601738516769748e-02,
       -4.0837888584487496e-02, 1.2400744065411076e-02,
       9.9990973522749582e-01, -5.1713580327956490e-03,
       4.0899370463470759e-02, 4.6602128314219811e-03,
       9.9915240274547579e-01 ]
P1: !!opencv-matrix
   rows: 3
   cols: 4
   dt: d
   data: [ 3.5380802691013264e+03, 0., 1.5938603057861328e+03, 0., 0.,
       3.5380802691013264e+03, 1.0218504409790039e+03, 0., 0., 0., 1.,
       0. ]
P2: !!opencv-matrix
   rows: 3
   cols: 4
   dt: d
   data: [ 3.5380802691013264e+03, 0., 1.5938603057861328e+03,
       -2.8036831478273736e+04, 0., 3.5380802691013264e+03,
       1.0218504409790039e+03, 0., 0., 0., 1., 0. ]
Q: !!opencv-matrix
   rows: 4
   cols: 4
   dt: d
   data: [ 1., 0., 0., -1.5938603057861328e+03, 0., 1., 0.,
       -1.0218504409790039e+03, 0., 0., 0., 3.5380802691013264e+03, 0.,
       0., 1.2619401275222739e-01, 0. ]
