%YAML:1.0
---
M1: !!opencv-matrix
   rows: 3
   cols: 3
   dt: d
   data: [ 3.8381258339351825e+03, 0., 1.5390720948285853e+03, 0.,
       3.8327225680718179e+03, 1.0229500507399604e+03, 0., 0., 1. ]
D1: !!opencv-matrix
   rows: 1
   cols: 14
   dt: d
   data: [ 3.2403076423175532e-02, -6.8604003370505473e-01, 0., 0., 0.,
       0., 0., -4.6214189971974973e+00, 0., 0., 0., 0., 0., 0. ]
M2: !!opencv-matrix
   rows: 3
   cols: 3
   dt: d
   data: [ 3.8381258339351825e+03, 0., 1.5225704953912532e+03, 0.,
       3.8327225680718179e+03, 1.0196195371025366e+03, 0., 0., 1. ]
D2: !!opencv-matrix
   rows: 1
   cols: 14
   dt: d
   data: [ -4.8258171445941724e-02, 5.4979048588892654e-01, 0., 0., 0.,
       0., 0., 2.0311692019092904e+00, 0., 0., 0., 0., 0., 0. ]
