%YAML:1.0
---
R: !!opencv-matrix
   rows: 3
   cols: 3
   dt: d
   data: [ 0.9999, -0.0150,
       -0.0056, 0.0149,
       0.9998, -0.0137,
       0.0058, 0.0136,
       0.9999 ]
T: !!opencv-matrix
   rows: 3
   cols: 1
   dt: d
   data: [ -7.88263e+00, 0.07273,
       0.10410 ]
R1: !!opencv-matrix
   rows: 3
   cols: 3
   dt: d
   data: [ 9.9998179984715552e-01, 6.0115964117273312e-03,
       5.1057127417534001e-04, -6.0154742334725848e-03,
       9.9995016614532151e-01, 7.9673895154097826e-03,
       -4.6264910021898489e-04, -7.9703158360469924e-03,
       9.9996812950277747e-01 ]
R2: !!opencv-matrix
   rows: 3
   cols: 3
   dt: d
   data: [ 9.9905736236878762e-01, -1.0110268587813455e-02,
       -4.2215745472552260e-02, 9.7734555216324077e-03,
       9.9991880350085671e-01, -8.1771616458230587e-03,
       4.2294991002336399e-02, 7.7568598348506466e-03,
       9.9907505466887447e-01 ]
P1: !!opencv-matrix
   rows: 3
   cols: 4
   dt: d
   data: [ 3.5199661145715527e+03, 0., 1.6041897888183594e+03, 0., 0.,
       3.5199661145715527e+03, 1.0286247634887695e+03, 0., 0., 0., 1.,
       0. ]
P2: !!opencv-matrix
   rows: 3
   cols: 4
   dt: d
   data: [ 3.5199661145715527e+03, 0., 1.6041897888183594e+03,
       -2.8325796694906359e+04, 0., 3.5199661145715527e+03,
       1.0286247634887695e+03, 0., 0., 0., 1., 0. ]
Q: !!opencv-matrix
   rows: 4
   cols: 4
   dt: d
   data: [ 1., 0., 0., -1.6041897888183594e+03, 0., 1., 0.,
       -1.0286247634887695e+03, 0., 0., 0., 3.5199661145715527e+03, 0.,
       0., 1.2426715310021715e-01, 0. ]
