%YAML:1.0
---
M1: !!opencv-matrix
   rows: 3
   cols: 3
   dt: d
   data: [ 3.5094e+03, 0., 1.5217e+03, 0.,
       3.5108e+03, 1.0527e+03, 0., 0., 1. ]
D1: !!opencv-matrix
   rows: 1
   cols: 14
   dt: d
   data: [ -0.0828, 0.1514, 0., 0., 0.,
       0., 0., -0.1585, 0., 0., 0., 0., 0., 0. ]
M2: !!opencv-matrix
   rows: 3
   cols: 3
   dt: d
   data: [ 3.4989e+03, 0., 1.5273e+03, 0.,
       3.499e+03, 1.0597e+03, 0., 0., 1. ]
D2: !!opencv-matrix
   rows: 1
   cols: 14
   dt: d
   data: [ -0.0686, 0.1105, 0., 0., 0.,
       0., 0., -0.0499, 0., 0., 0., 0., 0., 0. ]
