%YAML:1.0
---
M1: !!opencv-matrix
   rows: 3
   cols: 3
   dt: d
   data: [ 3.5086e+03, 0., 1.5446e+03, 0.,
       3.5084e+03, 1.0410e+03, 0., 0., 1. ]
D1: !!opencv-matrix
   rows: 1
   cols: 14
   dt: d
   data: [ -0.0812, 0.2183, 0., 0., 0.,
       0., 0., -0.4573, 0., 0., 0., 0., 0., 0. ]
M2: !!opencv-matrix
   rows: 3
   cols: 3
   dt: d
   data: [ 3.4819e+03, 0., 1.5380e+03, 0.,
       3.4814e+03, 1.0511e+03, 0., 0., 1. ]
D2: !!opencv-matrix
   rows: 1
   cols: 14
   dt: d
   data: [ -0.0722, 0.0645, 0., 0., 0.,
       0., 0., 0.4793, 0., 0., 0., 0., 0., 0. ]
