%YAML:1.0
---
R: !!opencv-matrix
   rows: 3
   cols: 3
   dt: d
   data: [ 9.9983047353767596e-01, 1.6634572179105085e-02,
       7.8939973299203357e-03, -1.6738562267250158e-02,
       9.9977150102143497e-01, 1.3295348004934706e-02,
       -7.6710311335592678e-03, -1.3425228257466429e-02,
       9.9988045211794341e-01 ]
T: !!opencv-matrix
   rows: 3
   cols: 1
   dt: d
   data: [ -7.3421100676849198e+00, 6.6645130447975098e-02,
       7.1844639452159617e-02 ]
R1: !!opencv-matrix
   rows: 3
   cols: 3
   dt: d
   data: [ 9.9996840844002244e-01, 7.6902224127720457e-03,
       -2.0106220854662731e-03, -7.6766667395785785e-03,
       9.9994832201349737e-01, 6.6649898844868116e-03,
       2.0617734351558790e-03, -6.6493444513697772e-03,
       9.9997576736072424e-01 ]
R2: !!opencv-matrix
   rows: 3
   cols: 3
   dt: d
   data: [ 9.9991093904772821e-01, -9.0763001854860473e-03,
       -9.7844135048168746e-03, 9.0109606088396056e-03,
       9.9993694456748838e-01, -6.7014534200805272e-03,
       9.8446209473111793e-03, 6.6126896175848137e-03,
       9.9992967541443900e-01 ]
P1: !!opencv-matrix
   rows: 3
   cols: 4
   dt: d
   data: [ 3.3683168872726833e+03, 0., 1.5548754577636719e+03, 0., 0.,
       3.3683168872726833e+03, 1.0223298492431641e+03, 0., 0., 0., 1.,
       0. ]
P2: !!opencv-matrix
   rows: 3
   cols: 4
   dt: d
   data: [ 3.3683168872726833e+03, 0., 1.5548754577636719e+03,
       -2.4732756052004195e+04, 0., 3.3683168872726833e+03,
       1.0223298492431641e+03, 0., 0., 0., 1., 0. ]
Q: !!opencv-matrix
   rows: 4
   cols: 4
   dt: d
   data: [ 1., 0., 0., -1.5548754577636719e+03, 0., 1., 0.,
       -1.0223298492431641e+03, 0., 0., 0., 3.3683168872726833e+03, 0.,
       0., 1.3618849756130333e-01, 0. ]
