%YAML:1.0
---
M1: !!opencv-matrix
   rows: 3
   cols: 3
   dt: d
   data: [ 3.5426644675256698e+03, 0., 1.5377270987055429e+03, 0.,
       3.5445564103915931e+03, 1.0269594871574225e+03, 0., 0., 1. ]
D1: !!opencv-matrix
   rows: 1
   cols: 14
   dt: d
   data: [ 5.3720161532299061e-02, -1.1954077137692392e+00, 0., 0., 0.,
       0., 0., -4.0974396729155176e+00, 0., 0., 0., 0., 0., 0. ]
M2: !!opencv-matrix
   rows: 3
   cols: 3
   dt: d
   data: [ 3.5426644675256698e+03, 0., 1.5221719025554492e+03, 0.,
       3.5445564103915931e+03, 1.0177749973490611e+03, 0., 0., 1. ]
D2: !!opencv-matrix
   rows: 1
   cols: 14
   dt: d
   data: [ -5.5504497794518305e-02, -3.3744233660561324e-01, 0., 0., 0.,
       0., 0., -1.3425640237642436e+00, 0., 0., 0., 0., 0., 0. ]
