%YAML:1.0
---
R: !!opencv-matrix
   rows: 3
   cols: 3
   dt: d
   data: [ 0.9999, -0.0142, 0.0039, 0.0143,0.9999,-0.0055,
       -0.0039, 0.0056, 1.0000 ]
T: !!opencv-matrix
   rows: 3
   cols: 1
   dt: d
   data: [ -48.5459, 0.3058, 0.0461 ]
R1: !!opencv-matrix
   rows: 3
   cols: 3
   dt: d
   data: [ 9.9981858626825226e-01, 4.5059346470044479e-03,
       1.8506515217901365e-02, -4.6506136951593490e-03,
       9.9995890409672139e-01, 7.7821532972711495e-03,
       -1.8470688801771475e-02, -7.8668081609224970e-03,
       9.9979845318171379e-01 ]
R2: !!opencv-matrix
   rows: 3
   cols: 3
   dt: d
   data: [ 9.9947183826252539e-01, -1.0070363353531930e-02,
       -3.0897124494943716e-02, 9.8282581239458201e-03,
       9.9991987728099396e-01, -7.9777415733390932e-03,
       3.0974987689703821e-02, 7.6698631206646110e-03,
       9.9949073199171445e-01 ]
P1: !!opencv-matrix
   rows: 3
   cols: 4
   dt: d
   data: [ 3.2416798172014369e+03, 0., 1.5291749725341797e+03, 0., 0.,
       3.2416798172014369e+03, 1.0078908538818359e+03, 0., 0., 0., 1.,
       0. ]
P2: !!opencv-matrix
   rows: 3
   cols: 4
   dt: d
   data: [ 3.2416798172014369e+03, 0., 1.5291749725341797e+03,
       -2.1388427871378564e+04, 0., 3.2416798172014369e+03,
       1.0078908538818359e+03, 0., 0., 0., 1., 0. ]
Q: !!opencv-matrix
   rows: 4
   cols: 4
   dt: d
   data: [ 1., 0., 0., -1.5291749725341797e+03, 0., 1., 0.,
       -1.0078908538818359e+03, 0., 0., 0., 3.2416798172014369e+03, 0.,
       0., 1.5156232317286714e-01, 0. ]
