%YAML:1.0
---
M1: !!opencv-matrix
   rows: 3
   cols: 3
   dt: d
   data: [ 3.4639e+03, 0., 1.4914e+03, 0.,
       3.4625e+03, 1.0122e+03, 0., 0., 1. ]
D1: !!opencv-matrix
   rows: 1
   cols: 14
   dt: d
   data: [ -0.1025, 0.1804, 0., 0., 0.,
       0., 0., -0.1374, 0., 0., 0., 0., 0., 0. ]
M2: !!opencv-matrix
   rows: 3
   cols: 3
   dt: d
   data: [ 3.4453e+03, 0., 1.5088e+03, 0.,
       3.4433e+03, 1.0505e+03, 0., 0., 1. ]
D2: !!opencv-matrix
   rows: 1
   cols: 14
   dt: d
   data: [ -0.0514, -0.1511, 0., 0., 0.,
       0., 0., 1.1435, 0., 0., 0., 0., 0., 0. ]
