%YAML:1.0
---
R: !!opencv-matrix
   rows: 3
   cols: 3
   dt: d
   data: [ 9.9956990448474681e-01, 1.5960931990831328e-02,
       2.4601924687677048e-02, -1.6252797265503671e-02,
       9.9979934629694067e-01, 1.1709557005134414e-02,
       -2.4410092777384370e-02, -1.2104370871470897e-02,
       9.9962874687376080e-01 ]
T: !!opencv-matrix
   rows: 3
   cols: 1
   dt: d
   data: [ -7.3614658598909584e+00, 1.1241145510586349e-02,
       2.4451934634999362e-01 ]
R1: !!opencv-matrix
   rows: 3
   cols: 3
   dt: d
   data: [ 9.9985294425184223e-01, 1.4828078216394251e-02,
       -8.6149850453127227e-03, -1.4777609872580555e-02,
       9.9987344161208325e-01, 5.8926229526263547e-03,
       8.7012710207347386e-03, -5.7644475204917268e-03,
       9.9994552803010583e-01 ]
R2: !!opencv-matrix
   rows: 3
   cols: 3
   dt: d
   data: [ 9.9944763671930315e-01, -1.5261819491392719e-03,
       -3.3197774396155233e-02, 1.3326277782556026e-03,
       9.9998199080513439e-01, -5.8516808358566519e-03,
       3.3206107260630849e-02, 5.8042083058959587e-03,
       9.9943167130451549e-01 ]
P1: !!opencv-matrix
   rows: 3
   cols: 4
   dt: d
   data: [ 3.4733422376807230e+03, 0., 1.6075438690185547e+03, 0., 0.,
       3.4733422376807230e+03, 1.0332846450805664e+03, 0., 0., 0., 1.,
       0. ]
P2: !!opencv-matrix
   rows: 3
   cols: 4
   dt: d
   data: [ 3.4733422376807230e+03, 0., 1.6075438690185547e+03,
       -2.5583021424047831e+04, 0., 3.4733422376807230e+03,
       1.0332846450805664e+03, 0., 0., 0., 1., 0. ]
Q: !!opencv-matrix
   rows: 4
   cols: 4
   dt: d
   data: [ 1., 0., 0., -1.6075438690185547e+03, 0., 1., 0.,
       -1.0332846450805664e+03, 0., 0., 0., 3.4733422376807230e+03, 0.,
       0., 1.3576747562802766e-01, 0. ]
