%YAML:1.0
---
M1: !!opencv-matrix
   rows: 3
   cols: 3
   dt: d
   data: [ 3.6627280190052793e+03, 0., 1.5595434146154123e+03, 0.,
       3.6611469052289981e+03, 1.0354162772367395e+03, 0., 0., 1. ]
D1: !!opencv-matrix
   rows: 1
   cols: 14
   dt: d
   data: [ -6.8398387633601912e-02, 3.5673882269762075e-01, 0., 0., 0.,
       0., 0., 7.3159567452907881e-01, 0., 0., 0., 0., 0., 0. ]
M2: !!opencv-matrix
   rows: 3
   cols: 3
   dt: d
   data: [ 3.6627280190052793e+03, 0., 1.4727002348943097e+03, 0.,
       3.6611469052289981e+03, 1.0318583275017827e+03, 0., 0., 1. ]
D2: !!opencv-matrix
   rows: 1
   cols: 14
   dt: d
   data: [ -1.0607315184248667e-03, -1.0143307256113057e-01, 0., 0., 0.,
       0., 0., -7.7752502281041602e-01, 0., 0., 0., 0., 0., 0. ]
