%YAML:1.0
---
R: !!opencv-matrix
   rows: 3
   cols: 3
   dt: d
   data: [ 9.9977119905361123e-01, 2.0026032662212520e-02,
       7.5171509707111254e-03, -2.0061673756982430e-02,
       9.9978771484974160e-01, 4.6962199267381573e-03,
       -7.4215085375460036e-03, -4.8459520575308565e-03,
       9.9996071820831200e-01 ]
T: !!opencv-matrix
   rows: 3
   cols: 1
   dt: d
   data: [ -8.1008090188014883e+00, 8.5351522607259117e-02,
       9.4403134250152482e-02 ]
R1: !!opencv-matrix
   rows: 3
   cols: 3
   dt: d
   data: [ 9.9994566549630171e-01, 9.5473910265535134e-03,
       -4.1848990124410679e-03, -9.5375431744593921e-03,
       9.9995171545161521e-01, 2.3668619662233301e-03,
       4.2072943031796241e-03, -2.3268197089411561e-03,
       9.9998844222555328e-01 ]
R2: !!opencv-matrix
   rows: 3
   cols: 3
   dt: d
   data: [ 9.9987661482856194e-01, -1.0534872664809292e-02,
       -1.1652106114860103e-02, 1.0507496797436639e-02,
       9.9994189493538821e-01, -2.4081661231819913e-03,
       1.1676798791944861e-02, 2.2854345235067538e-03,
       9.9992921207404040e-01 ]
P1: !!opencv-matrix
   rows: 3
   cols: 4
   dt: d
   data: [ 4.1376218962590610e+03, 0., 1.5722109832763672e+03, 0., 0.,
       4.1376218962590610e+03, 1.0211294097900391e+03, 0., 0., 0., 1.,
       0. ]
P2: !!opencv-matrix
   rows: 3
   cols: 4
   dt: d
   data: [ 4.1376218962590610e+03, 0., 1.5722109832763672e+03,
       -3.3522220918580948e+04, 0., 4.1376218962590610e+03,
       1.0211294097900391e+03, 0., 0., 0., 1., 0. ]
Q: !!opencv-matrix
   rows: 4
   cols: 4
   dt: d
   data: [ 1., 0., 0., -1.5722109832763672e+03, 0., 1., 0.,
       -1.0211294097900391e+03, 0., 0., 0., 4.1376218962590610e+03, 0.,
       0., 1.2342922941497676e-01, 0. ]
