%YAML:1.0
---
M1: !!opencv-matrix
   rows: 3
   cols: 3
   dt: d
   data: [ 4.2788821151231668e+03, 0., 1.5340044422647795e+03, 0.,
       4.3413493723045867e+03, 1.0241743117498304e+03, 0., 0., 1. ]
D1: !!opencv-matrix
   rows: 1
   cols: 14
   dt: d
   data: [ -1.6753484390604417e-01, 1.3809722452100714e+00, 0., 0., 0.,
       0., 0., 4.2640565073100056e+00, 0., 0., 0., 0., 0., 0. ]
M2: !!opencv-matrix
   rows: 3
   cols: 3
   dt: d
   data: [ 4.2788821151231668e+03, 0., 1.5327909903122415e+03, 0.,
       4.3413493723045867e+03, 1.0181057074156937e+03, 0., 0., 1. ]
D2: !!opencv-matrix
   rows: 1
   cols: 14
   dt: d
   data: [ -1.7843476701922464e-01, 1.6665608941306549e+00, 0., 0., 0.,
       0., 0., 6.3730854913033870e+00, 0., 0., 0., 0., 0., 0. ]
